{
 "cells": [
  {
   "cell_type": "markdown",
   "metadata": {},
   "source": [
    "# 24/11/22"
   ]
  },
  {
   "cell_type": "code",
   "execution_count": 1,
   "metadata": {},
   "outputs": [
    {
     "data": {
      "text/html": [
       "<div>\n",
       "<style scoped>\n",
       "    .dataframe tbody tr th:only-of-type {\n",
       "        vertical-align: middle;\n",
       "    }\n",
       "\n",
       "    .dataframe tbody tr th {\n",
       "        vertical-align: top;\n",
       "    }\n",
       "\n",
       "    .dataframe thead th {\n",
       "        text-align: right;\n",
       "    }\n",
       "</style>\n",
       "<table border=\"1\" class=\"dataframe\">\n",
       "  <thead>\n",
       "    <tr style=\"text-align: right;\">\n",
       "      <th></th>\n",
       "      <th>Date</th>\n",
       "      <th>Open</th>\n",
       "      <th>High</th>\n",
       "      <th>Low</th>\n",
       "      <th>Last</th>\n",
       "      <th>Close</th>\n",
       "      <th>Total Trade Quantity</th>\n",
       "      <th>Turnover (Lacs)</th>\n",
       "    </tr>\n",
       "  </thead>\n",
       "  <tbody>\n",
       "    <tr>\n",
       "      <th>0</th>\n",
       "      <td>2018-10-08</td>\n",
       "      <td>208.00</td>\n",
       "      <td>222.25</td>\n",
       "      <td>206.85</td>\n",
       "      <td>216.00</td>\n",
       "      <td>215.15</td>\n",
       "      <td>4642146.0</td>\n",
       "      <td>10062.83</td>\n",
       "    </tr>\n",
       "    <tr>\n",
       "      <th>1</th>\n",
       "      <td>2018-10-05</td>\n",
       "      <td>217.00</td>\n",
       "      <td>218.60</td>\n",
       "      <td>205.90</td>\n",
       "      <td>210.25</td>\n",
       "      <td>209.20</td>\n",
       "      <td>3519515.0</td>\n",
       "      <td>7407.06</td>\n",
       "    </tr>\n",
       "    <tr>\n",
       "      <th>2</th>\n",
       "      <td>2018-10-04</td>\n",
       "      <td>223.50</td>\n",
       "      <td>227.80</td>\n",
       "      <td>216.15</td>\n",
       "      <td>217.25</td>\n",
       "      <td>218.20</td>\n",
       "      <td>1728786.0</td>\n",
       "      <td>3815.79</td>\n",
       "    </tr>\n",
       "    <tr>\n",
       "      <th>3</th>\n",
       "      <td>2018-10-03</td>\n",
       "      <td>230.00</td>\n",
       "      <td>237.50</td>\n",
       "      <td>225.75</td>\n",
       "      <td>226.45</td>\n",
       "      <td>227.60</td>\n",
       "      <td>1708590.0</td>\n",
       "      <td>3960.27</td>\n",
       "    </tr>\n",
       "    <tr>\n",
       "      <th>4</th>\n",
       "      <td>2018-10-01</td>\n",
       "      <td>234.55</td>\n",
       "      <td>234.60</td>\n",
       "      <td>221.05</td>\n",
       "      <td>230.30</td>\n",
       "      <td>230.90</td>\n",
       "      <td>1534749.0</td>\n",
       "      <td>3486.05</td>\n",
       "    </tr>\n",
       "    <tr>\n",
       "      <th>...</th>\n",
       "      <td>...</td>\n",
       "      <td>...</td>\n",
       "      <td>...</td>\n",
       "      <td>...</td>\n",
       "      <td>...</td>\n",
       "      <td>...</td>\n",
       "      <td>...</td>\n",
       "      <td>...</td>\n",
       "    </tr>\n",
       "    <tr>\n",
       "      <th>1230</th>\n",
       "      <td>2013-10-14</td>\n",
       "      <td>160.85</td>\n",
       "      <td>161.45</td>\n",
       "      <td>157.70</td>\n",
       "      <td>159.30</td>\n",
       "      <td>159.45</td>\n",
       "      <td>1281419.0</td>\n",
       "      <td>2039.09</td>\n",
       "    </tr>\n",
       "    <tr>\n",
       "      <th>1231</th>\n",
       "      <td>2013-10-11</td>\n",
       "      <td>161.15</td>\n",
       "      <td>163.45</td>\n",
       "      <td>159.00</td>\n",
       "      <td>159.80</td>\n",
       "      <td>160.05</td>\n",
       "      <td>1880046.0</td>\n",
       "      <td>3030.76</td>\n",
       "    </tr>\n",
       "    <tr>\n",
       "      <th>1232</th>\n",
       "      <td>2013-10-10</td>\n",
       "      <td>156.00</td>\n",
       "      <td>160.80</td>\n",
       "      <td>155.85</td>\n",
       "      <td>160.30</td>\n",
       "      <td>160.15</td>\n",
       "      <td>3124853.0</td>\n",
       "      <td>4978.80</td>\n",
       "    </tr>\n",
       "    <tr>\n",
       "      <th>1233</th>\n",
       "      <td>2013-10-09</td>\n",
       "      <td>155.70</td>\n",
       "      <td>158.20</td>\n",
       "      <td>154.15</td>\n",
       "      <td>155.30</td>\n",
       "      <td>155.55</td>\n",
       "      <td>2049580.0</td>\n",
       "      <td>3204.49</td>\n",
       "    </tr>\n",
       "    <tr>\n",
       "      <th>1234</th>\n",
       "      <td>2013-10-08</td>\n",
       "      <td>157.00</td>\n",
       "      <td>157.80</td>\n",
       "      <td>155.20</td>\n",
       "      <td>155.80</td>\n",
       "      <td>155.80</td>\n",
       "      <td>1720413.0</td>\n",
       "      <td>2688.94</td>\n",
       "    </tr>\n",
       "  </tbody>\n",
       "</table>\n",
       "<p>1235 rows × 8 columns</p>\n",
       "</div>"
      ],
      "text/plain": [
       "            Date    Open    High     Low    Last   Close  \\\n",
       "0     2018-10-08  208.00  222.25  206.85  216.00  215.15   \n",
       "1     2018-10-05  217.00  218.60  205.90  210.25  209.20   \n",
       "2     2018-10-04  223.50  227.80  216.15  217.25  218.20   \n",
       "3     2018-10-03  230.00  237.50  225.75  226.45  227.60   \n",
       "4     2018-10-01  234.55  234.60  221.05  230.30  230.90   \n",
       "...          ...     ...     ...     ...     ...     ...   \n",
       "1230  2013-10-14  160.85  161.45  157.70  159.30  159.45   \n",
       "1231  2013-10-11  161.15  163.45  159.00  159.80  160.05   \n",
       "1232  2013-10-10  156.00  160.80  155.85  160.30  160.15   \n",
       "1233  2013-10-09  155.70  158.20  154.15  155.30  155.55   \n",
       "1234  2013-10-08  157.00  157.80  155.20  155.80  155.80   \n",
       "\n",
       "      Total Trade Quantity  Turnover (Lacs)  \n",
       "0                4642146.0         10062.83  \n",
       "1                3519515.0          7407.06  \n",
       "2                1728786.0          3815.79  \n",
       "3                1708590.0          3960.27  \n",
       "4                1534749.0          3486.05  \n",
       "...                    ...              ...  \n",
       "1230             1281419.0          2039.09  \n",
       "1231             1880046.0          3030.76  \n",
       "1232             3124853.0          4978.80  \n",
       "1233             2049580.0          3204.49  \n",
       "1234             1720413.0          2688.94  \n",
       "\n",
       "[1235 rows x 8 columns]"
      ]
     },
     "execution_count": 1,
     "metadata": {},
     "output_type": "execute_result"
    }
   ],
   "source": [
    "import pandas as pd\n",
    "import numpy as np \n",
    "\n",
    "df=pd.read_csv('./NSE-Tata-Global-Beverages-Limited.csv')\n",
    "df"
   ]
  },
  {
   "cell_type": "code",
   "execution_count": 3,
   "metadata": {},
   "outputs": [
    {
     "name": "stdout",
     "output_type": "stream",
     "text": [
      "Date                     object\n",
      "Open                    float64\n",
      "High                    float64\n",
      "Low                     float64\n",
      "Last                    float64\n",
      "Close                   float64\n",
      "Total Trade Quantity    float64\n",
      "Turnover (Lacs)         float64\n",
      "dtype: object\n"
     ]
    },
    {
     "data": {
      "text/html": [
       "<div>\n",
       "<style scoped>\n",
       "    .dataframe tbody tr th:only-of-type {\n",
       "        vertical-align: middle;\n",
       "    }\n",
       "\n",
       "    .dataframe tbody tr th {\n",
       "        vertical-align: top;\n",
       "    }\n",
       "\n",
       "    .dataframe thead th {\n",
       "        text-align: right;\n",
       "    }\n",
       "</style>\n",
       "<table border=\"1\" class=\"dataframe\">\n",
       "  <thead>\n",
       "    <tr style=\"text-align: right;\">\n",
       "      <th></th>\n",
       "      <th>Date</th>\n",
       "      <th>Open</th>\n",
       "      <th>High</th>\n",
       "      <th>Low</th>\n",
       "      <th>Last</th>\n",
       "      <th>Close</th>\n",
       "      <th>Total Trade Quantity</th>\n",
       "      <th>Turnover (Lacs)</th>\n",
       "    </tr>\n",
       "  </thead>\n",
       "  <tbody>\n",
       "    <tr>\n",
       "      <th>0</th>\n",
       "      <td>2018-10-08</td>\n",
       "      <td>208.00</td>\n",
       "      <td>222.25</td>\n",
       "      <td>206.85</td>\n",
       "      <td>216.00</td>\n",
       "      <td>215.15</td>\n",
       "      <td>4642146.0</td>\n",
       "      <td>10062.83</td>\n",
       "    </tr>\n",
       "    <tr>\n",
       "      <th>1</th>\n",
       "      <td>2018-10-05</td>\n",
       "      <td>217.00</td>\n",
       "      <td>218.60</td>\n",
       "      <td>205.90</td>\n",
       "      <td>210.25</td>\n",
       "      <td>209.20</td>\n",
       "      <td>3519515.0</td>\n",
       "      <td>7407.06</td>\n",
       "    </tr>\n",
       "    <tr>\n",
       "      <th>2</th>\n",
       "      <td>2018-10-04</td>\n",
       "      <td>223.50</td>\n",
       "      <td>227.80</td>\n",
       "      <td>216.15</td>\n",
       "      <td>217.25</td>\n",
       "      <td>218.20</td>\n",
       "      <td>1728786.0</td>\n",
       "      <td>3815.79</td>\n",
       "    </tr>\n",
       "    <tr>\n",
       "      <th>3</th>\n",
       "      <td>2018-10-03</td>\n",
       "      <td>230.00</td>\n",
       "      <td>237.50</td>\n",
       "      <td>225.75</td>\n",
       "      <td>226.45</td>\n",
       "      <td>227.60</td>\n",
       "      <td>1708590.0</td>\n",
       "      <td>3960.27</td>\n",
       "    </tr>\n",
       "    <tr>\n",
       "      <th>4</th>\n",
       "      <td>2018-10-01</td>\n",
       "      <td>234.55</td>\n",
       "      <td>234.60</td>\n",
       "      <td>221.05</td>\n",
       "      <td>230.30</td>\n",
       "      <td>230.90</td>\n",
       "      <td>1534749.0</td>\n",
       "      <td>3486.05</td>\n",
       "    </tr>\n",
       "    <tr>\n",
       "      <th>...</th>\n",
       "      <td>...</td>\n",
       "      <td>...</td>\n",
       "      <td>...</td>\n",
       "      <td>...</td>\n",
       "      <td>...</td>\n",
       "      <td>...</td>\n",
       "      <td>...</td>\n",
       "      <td>...</td>\n",
       "    </tr>\n",
       "    <tr>\n",
       "      <th>1230</th>\n",
       "      <td>2013-10-14</td>\n",
       "      <td>160.85</td>\n",
       "      <td>161.45</td>\n",
       "      <td>157.70</td>\n",
       "      <td>159.30</td>\n",
       "      <td>159.45</td>\n",
       "      <td>1281419.0</td>\n",
       "      <td>2039.09</td>\n",
       "    </tr>\n",
       "    <tr>\n",
       "      <th>1231</th>\n",
       "      <td>2013-10-11</td>\n",
       "      <td>161.15</td>\n",
       "      <td>163.45</td>\n",
       "      <td>159.00</td>\n",
       "      <td>159.80</td>\n",
       "      <td>160.05</td>\n",
       "      <td>1880046.0</td>\n",
       "      <td>3030.76</td>\n",
       "    </tr>\n",
       "    <tr>\n",
       "      <th>1232</th>\n",
       "      <td>2013-10-10</td>\n",
       "      <td>156.00</td>\n",
       "      <td>160.80</td>\n",
       "      <td>155.85</td>\n",
       "      <td>160.30</td>\n",
       "      <td>160.15</td>\n",
       "      <td>3124853.0</td>\n",
       "      <td>4978.80</td>\n",
       "    </tr>\n",
       "    <tr>\n",
       "      <th>1233</th>\n",
       "      <td>2013-10-09</td>\n",
       "      <td>155.70</td>\n",
       "      <td>158.20</td>\n",
       "      <td>154.15</td>\n",
       "      <td>155.30</td>\n",
       "      <td>155.55</td>\n",
       "      <td>2049580.0</td>\n",
       "      <td>3204.49</td>\n",
       "    </tr>\n",
       "    <tr>\n",
       "      <th>1234</th>\n",
       "      <td>2013-10-08</td>\n",
       "      <td>157.00</td>\n",
       "      <td>157.80</td>\n",
       "      <td>155.20</td>\n",
       "      <td>155.80</td>\n",
       "      <td>155.80</td>\n",
       "      <td>1720413.0</td>\n",
       "      <td>2688.94</td>\n",
       "    </tr>\n",
       "  </tbody>\n",
       "</table>\n",
       "<p>1235 rows × 8 columns</p>\n",
       "</div>"
      ],
      "text/plain": [
       "           Date    Open    High     Low    Last   Close  Total Trade Quantity  \\\n",
       "0    2018-10-08  208.00  222.25  206.85  216.00  215.15             4642146.0   \n",
       "1    2018-10-05  217.00  218.60  205.90  210.25  209.20             3519515.0   \n",
       "2    2018-10-04  223.50  227.80  216.15  217.25  218.20             1728786.0   \n",
       "3    2018-10-03  230.00  237.50  225.75  226.45  227.60             1708590.0   \n",
       "4    2018-10-01  234.55  234.60  221.05  230.30  230.90             1534749.0   \n",
       "...         ...     ...     ...     ...     ...     ...                   ...   \n",
       "1230 2013-10-14  160.85  161.45  157.70  159.30  159.45             1281419.0   \n",
       "1231 2013-10-11  161.15  163.45  159.00  159.80  160.05             1880046.0   \n",
       "1232 2013-10-10  156.00  160.80  155.85  160.30  160.15             3124853.0   \n",
       "1233 2013-10-09  155.70  158.20  154.15  155.30  155.55             2049580.0   \n",
       "1234 2013-10-08  157.00  157.80  155.20  155.80  155.80             1720413.0   \n",
       "\n",
       "      Turnover (Lacs)  \n",
       "0            10062.83  \n",
       "1             7407.06  \n",
       "2             3815.79  \n",
       "3             3960.27  \n",
       "4             3486.05  \n",
       "...               ...  \n",
       "1230          2039.09  \n",
       "1231          3030.76  \n",
       "1232          4978.80  \n",
       "1233          3204.49  \n",
       "1234          2688.94  \n",
       "\n",
       "[1235 rows x 8 columns]"
      ]
     },
     "execution_count": 3,
     "metadata": {},
     "output_type": "execute_result"
    }
   ],
   "source": [
    "print(df.dtypes)\n",
    "\n",
    "df['Date']=df['Date'].astype('datetime64')\n",
    "df"
   ]
  },
  {
   "cell_type": "code",
   "execution_count": 4,
   "metadata": {},
   "outputs": [
    {
     "data": {
      "text/html": [
       "<div>\n",
       "<style scoped>\n",
       "    .dataframe tbody tr th:only-of-type {\n",
       "        vertical-align: middle;\n",
       "    }\n",
       "\n",
       "    .dataframe tbody tr th {\n",
       "        vertical-align: top;\n",
       "    }\n",
       "\n",
       "    .dataframe thead th {\n",
       "        text-align: right;\n",
       "    }\n",
       "</style>\n",
       "<table border=\"1\" class=\"dataframe\">\n",
       "  <thead>\n",
       "    <tr style=\"text-align: right;\">\n",
       "      <th></th>\n",
       "      <th>Date</th>\n",
       "      <th>Open</th>\n",
       "      <th>High</th>\n",
       "      <th>Low</th>\n",
       "      <th>Last</th>\n",
       "      <th>Close</th>\n",
       "      <th>Total Trade Quantity</th>\n",
       "      <th>Turnover (Lacs)</th>\n",
       "    </tr>\n",
       "  </thead>\n",
       "  <tbody>\n",
       "    <tr>\n",
       "      <th>1234</th>\n",
       "      <td>2013-10-08</td>\n",
       "      <td>157.00</td>\n",
       "      <td>157.80</td>\n",
       "      <td>155.20</td>\n",
       "      <td>155.80</td>\n",
       "      <td>155.80</td>\n",
       "      <td>1720413.0</td>\n",
       "      <td>2688.94</td>\n",
       "    </tr>\n",
       "    <tr>\n",
       "      <th>1233</th>\n",
       "      <td>2013-10-09</td>\n",
       "      <td>155.70</td>\n",
       "      <td>158.20</td>\n",
       "      <td>154.15</td>\n",
       "      <td>155.30</td>\n",
       "      <td>155.55</td>\n",
       "      <td>2049580.0</td>\n",
       "      <td>3204.49</td>\n",
       "    </tr>\n",
       "    <tr>\n",
       "      <th>1232</th>\n",
       "      <td>2013-10-10</td>\n",
       "      <td>156.00</td>\n",
       "      <td>160.80</td>\n",
       "      <td>155.85</td>\n",
       "      <td>160.30</td>\n",
       "      <td>160.15</td>\n",
       "      <td>3124853.0</td>\n",
       "      <td>4978.80</td>\n",
       "    </tr>\n",
       "    <tr>\n",
       "      <th>1231</th>\n",
       "      <td>2013-10-11</td>\n",
       "      <td>161.15</td>\n",
       "      <td>163.45</td>\n",
       "      <td>159.00</td>\n",
       "      <td>159.80</td>\n",
       "      <td>160.05</td>\n",
       "      <td>1880046.0</td>\n",
       "      <td>3030.76</td>\n",
       "    </tr>\n",
       "    <tr>\n",
       "      <th>1230</th>\n",
       "      <td>2013-10-14</td>\n",
       "      <td>160.85</td>\n",
       "      <td>161.45</td>\n",
       "      <td>157.70</td>\n",
       "      <td>159.30</td>\n",
       "      <td>159.45</td>\n",
       "      <td>1281419.0</td>\n",
       "      <td>2039.09</td>\n",
       "    </tr>\n",
       "    <tr>\n",
       "      <th>...</th>\n",
       "      <td>...</td>\n",
       "      <td>...</td>\n",
       "      <td>...</td>\n",
       "      <td>...</td>\n",
       "      <td>...</td>\n",
       "      <td>...</td>\n",
       "      <td>...</td>\n",
       "      <td>...</td>\n",
       "    </tr>\n",
       "    <tr>\n",
       "      <th>4</th>\n",
       "      <td>2018-10-01</td>\n",
       "      <td>234.55</td>\n",
       "      <td>234.60</td>\n",
       "      <td>221.05</td>\n",
       "      <td>230.30</td>\n",
       "      <td>230.90</td>\n",
       "      <td>1534749.0</td>\n",
       "      <td>3486.05</td>\n",
       "    </tr>\n",
       "    <tr>\n",
       "      <th>3</th>\n",
       "      <td>2018-10-03</td>\n",
       "      <td>230.00</td>\n",
       "      <td>237.50</td>\n",
       "      <td>225.75</td>\n",
       "      <td>226.45</td>\n",
       "      <td>227.60</td>\n",
       "      <td>1708590.0</td>\n",
       "      <td>3960.27</td>\n",
       "    </tr>\n",
       "    <tr>\n",
       "      <th>2</th>\n",
       "      <td>2018-10-04</td>\n",
       "      <td>223.50</td>\n",
       "      <td>227.80</td>\n",
       "      <td>216.15</td>\n",
       "      <td>217.25</td>\n",
       "      <td>218.20</td>\n",
       "      <td>1728786.0</td>\n",
       "      <td>3815.79</td>\n",
       "    </tr>\n",
       "    <tr>\n",
       "      <th>1</th>\n",
       "      <td>2018-10-05</td>\n",
       "      <td>217.00</td>\n",
       "      <td>218.60</td>\n",
       "      <td>205.90</td>\n",
       "      <td>210.25</td>\n",
       "      <td>209.20</td>\n",
       "      <td>3519515.0</td>\n",
       "      <td>7407.06</td>\n",
       "    </tr>\n",
       "    <tr>\n",
       "      <th>0</th>\n",
       "      <td>2018-10-08</td>\n",
       "      <td>208.00</td>\n",
       "      <td>222.25</td>\n",
       "      <td>206.85</td>\n",
       "      <td>216.00</td>\n",
       "      <td>215.15</td>\n",
       "      <td>4642146.0</td>\n",
       "      <td>10062.83</td>\n",
       "    </tr>\n",
       "  </tbody>\n",
       "</table>\n",
       "<p>1235 rows × 8 columns</p>\n",
       "</div>"
      ],
      "text/plain": [
       "           Date    Open    High     Low    Last   Close  Total Trade Quantity  \\\n",
       "1234 2013-10-08  157.00  157.80  155.20  155.80  155.80             1720413.0   \n",
       "1233 2013-10-09  155.70  158.20  154.15  155.30  155.55             2049580.0   \n",
       "1232 2013-10-10  156.00  160.80  155.85  160.30  160.15             3124853.0   \n",
       "1231 2013-10-11  161.15  163.45  159.00  159.80  160.05             1880046.0   \n",
       "1230 2013-10-14  160.85  161.45  157.70  159.30  159.45             1281419.0   \n",
       "...         ...     ...     ...     ...     ...     ...                   ...   \n",
       "4    2018-10-01  234.55  234.60  221.05  230.30  230.90             1534749.0   \n",
       "3    2018-10-03  230.00  237.50  225.75  226.45  227.60             1708590.0   \n",
       "2    2018-10-04  223.50  227.80  216.15  217.25  218.20             1728786.0   \n",
       "1    2018-10-05  217.00  218.60  205.90  210.25  209.20             3519515.0   \n",
       "0    2018-10-08  208.00  222.25  206.85  216.00  215.15             4642146.0   \n",
       "\n",
       "      Turnover (Lacs)  \n",
       "1234          2688.94  \n",
       "1233          3204.49  \n",
       "1232          4978.80  \n",
       "1231          3030.76  \n",
       "1230          2039.09  \n",
       "...               ...  \n",
       "4             3486.05  \n",
       "3             3960.27  \n",
       "2             3815.79  \n",
       "1             7407.06  \n",
       "0            10062.83  \n",
       "\n",
       "[1235 rows x 8 columns]"
      ]
     },
     "execution_count": 4,
     "metadata": {},
     "output_type": "execute_result"
    }
   ],
   "source": [
    "df=df.sort_values(by='Date')\n",
    "df"
   ]
  },
  {
   "cell_type": "code",
   "execution_count": 5,
   "metadata": {},
   "outputs": [
    {
     "data": {
      "text/html": [
       "<div>\n",
       "<style scoped>\n",
       "    .dataframe tbody tr th:only-of-type {\n",
       "        vertical-align: middle;\n",
       "    }\n",
       "\n",
       "    .dataframe tbody tr th {\n",
       "        vertical-align: top;\n",
       "    }\n",
       "\n",
       "    .dataframe thead th {\n",
       "        text-align: right;\n",
       "    }\n",
       "</style>\n",
       "<table border=\"1\" class=\"dataframe\">\n",
       "  <thead>\n",
       "    <tr style=\"text-align: right;\">\n",
       "      <th></th>\n",
       "      <th>Date</th>\n",
       "      <th>Open</th>\n",
       "      <th>High</th>\n",
       "      <th>Low</th>\n",
       "      <th>Last</th>\n",
       "      <th>Close</th>\n",
       "      <th>Total Trade Quantity</th>\n",
       "      <th>Turnover (Lacs)</th>\n",
       "    </tr>\n",
       "  </thead>\n",
       "  <tbody>\n",
       "    <tr>\n",
       "      <th>0</th>\n",
       "      <td>2013-10-08</td>\n",
       "      <td>157.00</td>\n",
       "      <td>157.80</td>\n",
       "      <td>155.20</td>\n",
       "      <td>155.80</td>\n",
       "      <td>155.80</td>\n",
       "      <td>1720413.0</td>\n",
       "      <td>2688.94</td>\n",
       "    </tr>\n",
       "    <tr>\n",
       "      <th>1</th>\n",
       "      <td>2013-10-09</td>\n",
       "      <td>155.70</td>\n",
       "      <td>158.20</td>\n",
       "      <td>154.15</td>\n",
       "      <td>155.30</td>\n",
       "      <td>155.55</td>\n",
       "      <td>2049580.0</td>\n",
       "      <td>3204.49</td>\n",
       "    </tr>\n",
       "    <tr>\n",
       "      <th>2</th>\n",
       "      <td>2013-10-10</td>\n",
       "      <td>156.00</td>\n",
       "      <td>160.80</td>\n",
       "      <td>155.85</td>\n",
       "      <td>160.30</td>\n",
       "      <td>160.15</td>\n",
       "      <td>3124853.0</td>\n",
       "      <td>4978.80</td>\n",
       "    </tr>\n",
       "    <tr>\n",
       "      <th>3</th>\n",
       "      <td>2013-10-11</td>\n",
       "      <td>161.15</td>\n",
       "      <td>163.45</td>\n",
       "      <td>159.00</td>\n",
       "      <td>159.80</td>\n",
       "      <td>160.05</td>\n",
       "      <td>1880046.0</td>\n",
       "      <td>3030.76</td>\n",
       "    </tr>\n",
       "    <tr>\n",
       "      <th>4</th>\n",
       "      <td>2013-10-14</td>\n",
       "      <td>160.85</td>\n",
       "      <td>161.45</td>\n",
       "      <td>157.70</td>\n",
       "      <td>159.30</td>\n",
       "      <td>159.45</td>\n",
       "      <td>1281419.0</td>\n",
       "      <td>2039.09</td>\n",
       "    </tr>\n",
       "    <tr>\n",
       "      <th>...</th>\n",
       "      <td>...</td>\n",
       "      <td>...</td>\n",
       "      <td>...</td>\n",
       "      <td>...</td>\n",
       "      <td>...</td>\n",
       "      <td>...</td>\n",
       "      <td>...</td>\n",
       "      <td>...</td>\n",
       "    </tr>\n",
       "    <tr>\n",
       "      <th>1230</th>\n",
       "      <td>2018-10-01</td>\n",
       "      <td>234.55</td>\n",
       "      <td>234.60</td>\n",
       "      <td>221.05</td>\n",
       "      <td>230.30</td>\n",
       "      <td>230.90</td>\n",
       "      <td>1534749.0</td>\n",
       "      <td>3486.05</td>\n",
       "    </tr>\n",
       "    <tr>\n",
       "      <th>1231</th>\n",
       "      <td>2018-10-03</td>\n",
       "      <td>230.00</td>\n",
       "      <td>237.50</td>\n",
       "      <td>225.75</td>\n",
       "      <td>226.45</td>\n",
       "      <td>227.60</td>\n",
       "      <td>1708590.0</td>\n",
       "      <td>3960.27</td>\n",
       "    </tr>\n",
       "    <tr>\n",
       "      <th>1232</th>\n",
       "      <td>2018-10-04</td>\n",
       "      <td>223.50</td>\n",
       "      <td>227.80</td>\n",
       "      <td>216.15</td>\n",
       "      <td>217.25</td>\n",
       "      <td>218.20</td>\n",
       "      <td>1728786.0</td>\n",
       "      <td>3815.79</td>\n",
       "    </tr>\n",
       "    <tr>\n",
       "      <th>1233</th>\n",
       "      <td>2018-10-05</td>\n",
       "      <td>217.00</td>\n",
       "      <td>218.60</td>\n",
       "      <td>205.90</td>\n",
       "      <td>210.25</td>\n",
       "      <td>209.20</td>\n",
       "      <td>3519515.0</td>\n",
       "      <td>7407.06</td>\n",
       "    </tr>\n",
       "    <tr>\n",
       "      <th>1234</th>\n",
       "      <td>2018-10-08</td>\n",
       "      <td>208.00</td>\n",
       "      <td>222.25</td>\n",
       "      <td>206.85</td>\n",
       "      <td>216.00</td>\n",
       "      <td>215.15</td>\n",
       "      <td>4642146.0</td>\n",
       "      <td>10062.83</td>\n",
       "    </tr>\n",
       "  </tbody>\n",
       "</table>\n",
       "<p>1235 rows × 8 columns</p>\n",
       "</div>"
      ],
      "text/plain": [
       "           Date    Open    High     Low    Last   Close  Total Trade Quantity  \\\n",
       "0    2013-10-08  157.00  157.80  155.20  155.80  155.80             1720413.0   \n",
       "1    2013-10-09  155.70  158.20  154.15  155.30  155.55             2049580.0   \n",
       "2    2013-10-10  156.00  160.80  155.85  160.30  160.15             3124853.0   \n",
       "3    2013-10-11  161.15  163.45  159.00  159.80  160.05             1880046.0   \n",
       "4    2013-10-14  160.85  161.45  157.70  159.30  159.45             1281419.0   \n",
       "...         ...     ...     ...     ...     ...     ...                   ...   \n",
       "1230 2018-10-01  234.55  234.60  221.05  230.30  230.90             1534749.0   \n",
       "1231 2018-10-03  230.00  237.50  225.75  226.45  227.60             1708590.0   \n",
       "1232 2018-10-04  223.50  227.80  216.15  217.25  218.20             1728786.0   \n",
       "1233 2018-10-05  217.00  218.60  205.90  210.25  209.20             3519515.0   \n",
       "1234 2018-10-08  208.00  222.25  206.85  216.00  215.15             4642146.0   \n",
       "\n",
       "      Turnover (Lacs)  \n",
       "0             2688.94  \n",
       "1             3204.49  \n",
       "2             4978.80  \n",
       "3             3030.76  \n",
       "4             2039.09  \n",
       "...               ...  \n",
       "1230          3486.05  \n",
       "1231          3960.27  \n",
       "1232          3815.79  \n",
       "1233          7407.06  \n",
       "1234         10062.83  \n",
       "\n",
       "[1235 rows x 8 columns]"
      ]
     },
     "execution_count": 5,
     "metadata": {},
     "output_type": "execute_result"
    }
   ],
   "source": [
    "df=df.reset_index(drop=True)\n",
    "df"
   ]
  },
  {
   "cell_type": "code",
   "execution_count": 23,
   "metadata": {},
   "outputs": [],
   "source": [
    "# close=list(df['Close'])\n",
    "# d={}\n",
    "# a=1\n",
    "# y='y'\n",
    "# for i in range(0,len(close)-60):\n",
    "#     a=0\n",
    "#     for j in range(i,i+60):\n",
    "#         if a not in d:\n",
    "#             d[a]=[close[j]]\n",
    "#         else:\n",
    "#             d[a].append(close[j])\n",
    "#         a+=1\n",
    "#     if 'y' not in d:\n",
    "#         # print('hi')\n",
    "#         d['y']=[close[i+60]]\n",
    "#         # print(d[y])\n",
    "#     else:\n",
    "#         d['y'].append(close[i+60])\n",
    "\n",
    "\n",
    "# d=pd.DataFrame(d)\n",
    "\n",
    "# d"
   ]
  },
  {
   "cell_type": "code",
   "execution_count": 24,
   "metadata": {},
   "outputs": [],
   "source": [
    "X=[]\n",
    "y=[]\n",
    "for i in range(60,len(df)):\n",
    "    X.append(df.iloc[i-60:i,5])\n",
    "    y.append(df.iloc[i,5])\n",
    "\n",
    "X=np.array(X)\n",
    "y=np.array(y)"
   ]
  },
  {
   "cell_type": "markdown",
   "metadata": {},
   "source": [
    "1. Recurrent Neural Network: in RNN the output of previous state is fed into input of next state\n",
    "2. LSTM: Long Short Term Memory\n"
   ]
  },
  {
   "cell_type": "code",
   "execution_count": 27,
   "metadata": {},
   "outputs": [
    {
     "name": "stdout",
     "output_type": "stream",
     "text": [
      "Epoch 1/10\n",
      "37/37 [==============================] - 5s 57ms/step - loss: 0.0813 - mse: 0.0813\n",
      "Epoch 2/10\n",
      "37/37 [==============================] - 2s 53ms/step - loss: 0.0129 - mse: 0.0129\n",
      "Epoch 3/10\n",
      "37/37 [==============================] - 2s 50ms/step - loss: 0.0013 - mse: 0.0013\n",
      "Epoch 4/10\n",
      "37/37 [==============================] - 2s 54ms/step - loss: 0.0011 - mse: 0.0011\n",
      "Epoch 5/10\n",
      "37/37 [==============================] - 2s 51ms/step - loss: 9.3042e-04 - mse: 9.3042e-04\n",
      "Epoch 6/10\n",
      "37/37 [==============================] - 2s 47ms/step - loss: 7.6410e-04 - mse: 7.6410e-04\n",
      "Epoch 7/10\n",
      "37/37 [==============================] - 2s 52ms/step - loss: 7.3684e-04 - mse: 7.3684e-04\n",
      "Epoch 8/10\n",
      "37/37 [==============================] - 2s 66ms/step - loss: 0.0011 - mse: 0.0011\n",
      "Epoch 9/10\n",
      "37/37 [==============================] - 2s 56ms/step - loss: 6.8907e-04 - mse: 6.8907e-04\n",
      "Epoch 10/10\n",
      "37/37 [==============================] - 2s 56ms/step - loss: 6.0001e-04 - mse: 6.0001e-04\n"
     ]
    },
    {
     "data": {
      "text/plain": [
       "<keras.callbacks.History at 0x7f08584a8820>"
      ]
     },
     "execution_count": 27,
     "metadata": {},
     "output_type": "execute_result"
    }
   ],
   "source": [
    "# No Standard Scalling, but minmax scaller\n",
    "\n",
    "from sklearn.preprocessing import MinMaxScaler\n",
    "\n",
    "scaler=MinMaxScaler()\n",
    "# scaller wants 2d \n",
    "y=scaler.fit_transform(y.reshape((len(y),1)))\n",
    "y=y.reshape((len(y),))\n",
    "\n",
    "X=np.reshape(X,(X.shape[0],X.shape[1],1))\n",
    "# convert data into 3D\n",
    "\n",
    "import tensorflow as tf \n",
    "\n",
    "lstm=tf.keras.models.Sequential()\n",
    "lstm.add(tf.keras.layers.LSTM(units=50,input_shape=(X.shape[1],1),return_sequences=True)) # return sequences\n",
    "lstm.add(tf.keras.layers.LSTM(units=50))\n",
    "\n",
    "lstm.add(tf.keras.layers.Dense(units=1))\n",
    "\n",
    "\n",
    "\n",
    "\n",
    "\n",
    "lstm.compile(optimizer='adam',loss='mse',metrics=['mse'])\n",
    "lstm.fit(X,y,epochs=10,batch_size=32)\n"
   ]
  },
  {
   "cell_type": "code",
   "execution_count": 29,
   "metadata": {},
   "outputs": [
    {
     "name": "stdout",
     "output_type": "stream",
     "text": [
      "37/37 [==============================] - 0s 13ms/step\n"
     ]
    },
    {
     "data": {
      "text/plain": [
       "array([[158.05748],\n",
       "       [158.0508 ],\n",
       "       [158.07573],\n",
       "       ...,\n",
       "       [235.60533],\n",
       "       [231.26828],\n",
       "       [225.67688]], dtype=float32)"
      ]
     },
     "execution_count": 29,
     "metadata": {},
     "output_type": "execute_result"
    }
   ],
   "source": [
    "y_pred=lstm.predict(X)\n",
    "\n",
    "y_pred=scaler.inverse_transform(y_pred)\n",
    "y_pred"
   ]
  },
  {
   "cell_type": "code",
   "execution_count": null,
   "metadata": {},
   "outputs": [],
   "source": []
  }
 ],
 "metadata": {
  "kernelspec": {
   "display_name": "Python 3.9.12 ('base')",
   "language": "python",
   "name": "python3"
  },
  "language_info": {
   "codemirror_mode": {
    "name": "ipython",
    "version": 3
   },
   "file_extension": ".py",
   "mimetype": "text/x-python",
   "name": "python",
   "nbconvert_exporter": "python",
   "pygments_lexer": "ipython3",
   "version": "3.9.12"
  },
  "orig_nbformat": 4,
  "vscode": {
   "interpreter": {
    "hash": "73fa04910e3d127807ceeedb19e1b3e59ccb4070037b8d0933101bf9843736ea"
   }
  }
 },
 "nbformat": 4,
 "nbformat_minor": 2
}
